Some((
    red: 0.57254905,
    green: 0.8117648,
    blue: 0.6117647,
))