Some((
    red: 0.13014239,
    green: 0.13014239,
    blue: 0.13014239,
    alpha: 1.0,
))